Riley Pringle 0541559706 3 4 99 99 69 93 89 96 71 60 56 65
Chelsea Greenlow 0537289096 11 8 65 53 56 60 55 76 50 50 85 74
Alessandra Frisch 0599975653 3 10 81 67 96 59 85 85 66 70 75 73
Demarcus Oberdorf 0531097262 9 1 97 50 56 97 71 73 56 100 77 94
Bobette Squires 0570983570 1 1 63 68 57 92 71 66 73 95 76 77
Sigrid Schaffter 0588962711 10 2 89 86 100 69 60 81 74 94 87 75
Dinorah Wonderly 0560344096 9 9 97 64 82 89 99 92 75 84 72 63
Kirby Lomago 0527563223 10 4 72 85 74 84 79 56 56 86 70 89
Byron Force 0510244433 6 2 75 68 86 96 67 68 100 64 65 99
Trudi Felsenthal 0566998379 7 6 61 65 72 80 98 72 75 62 56 53
Raphael Rioseco 0582725880 4 7 84 94 72 76 71 95 99 79 99 87
Pennie Elbaum 0537063083 5 9 74 58 87 95 86 64 63 83 91 65
Myrtice Finnila 0534831816 6 7 66 69 52 50 77 90 53 80 77 95
Jolynn Bagozzi 0548365229 7 3 86 97 74 58 80 87 68 70 56 58
Latonya Rossotto 0517472096 3 9 55 100 62 92 72 89 68 65 64 67
Jacinto Paff 0581945851 6 5 66 96 65 63 81 83 70 70 87 52
Matthew Oland 0556503045 6 9 91 87 82 67 71 98 56 74 98 98
Kyle Shomer 0547776564 8 2 64 93 66 93 79 54 55 52 74 71
Tova Carpentieri 0550250654 12 7 67 77 71 92 59 58 76 89 78 85
Rolland Kinkin 0533970407 5 9 95 79 89 88 81 61 52 62 74 58
Geraldine Pihlaja 0568058974 12 8 80 96 100 71 87 79 97 95 77 54
Malvina Laufer 0562063597 5 1 59 64 87 58 67 75 56 67 87 76
Magali Furnari 0533032215 8 1 59 83 76 84 74 85 64 97 73 50
Felice Desnoyers 0593375242 4 9 57 55 63 72 79 53 64 96 71 90
Angelyn Guanio 0531693719 4 6 82 64 84 89 71 54 90 87 89 70
Ula Bogdanovich 0531888484 11 1 98 51 74 94 67 89 74 72 68 97
Regan Ellenburg 0576947458 7 2 88 65 55 60 56 88 62 71 78 63
Daniell Baratta 0519598581 11 9 63 90 65 70 83 97 89 78 56 80
Ricardo Domino 0556226305 2 1 54 75 53 53 61 85 87 77 85 91
Markus Montell 0520245942 3 4 52 68 61 57 79 91 64 80 82 67
Susana Arenivar 0512048462 4 5 63 90 99 73 99 63 98 61 95 68
Bryant Mcdannold 0547943047 6 1 95 53 52 82 58 67 95 51 52 77
Lizbeth Garahan 0531837715 7 1 88 66 69 50 79 63 68 85 86 80
Enrique Nedina 0562821828 6 1 90 53 85 76 55 93 56 68 52 62
Brent Sillery 0553793109 3 3 94 91 93 54 65 87 98 93 71 89
Dovie Saddler 0516839166 10 6 95 53 90 95 94 77 56 68 50 76
Georgina Pap 0531930603 2 6 83 74 82 82 77 52 81 100 63 78
Jennette Fehr 0515386466 9 8 79 57 65 88 79 73 81 95 79 55
Savanna Beichner 0534919155 4 4 61 91 96 84 63 80 68 93 97 93
Ike Croak 0530014533 4 7 63 96 74 81 79 81 76 52 50 93
Carole Letourneau 0572095167 9 7 90 74 68 55 73 71 55 89 51 87
Rueben Dicken 0578435688 6 7 67 100 100 56 57 88 97 65 77 88
Ellena Bezenek 0564754451 9 3 69 50 57 54 90 79 65 90 90 51
Mariam Braseth 0579753323 1 8 69 82 95 69 74 81 72 57 60 92
Elna Iarossi 0580109127 10 10 56 91 63 95 53 52 70 84 87 85
Beata Moessner 0593499148 3 5 62 92 64 87 69 89 65 55 75 96
Ofelia Braye 0536728763 1 2 61 71 55 75 96 50 97 78 100 62
Asia Marzella 0588279880 11 5 88 86 87 90 99 80 73 93 72 87
Alisia Tinger 0552541643 5 7 57 87 58 56 56 57 57 89 87 52
Jillian Stasko 0576024693 10 9 56 93 81 60 77 81 58 71 88 54
Mireille Sowels 0549174736 6 1 67 75 81 51 70 85 82 75 70 95
Maranda Motamedi 0510267482 4 3 54 75 74 55 72 90 52 90 68 62
Babara Wallace 0531210420 12 9 78 52 53 100 90 69 60 60 56 63
Latrina Buda 0528514886 3 2 87 86 51 54 51 100 64 100 56 96
Brooks Sudberry 0556827758 12 8 80 82 84 54 78 69 69 89 76 99
Elizabet Flamio 0561072878 11 7 57 84 70 61 69 67 86 88 60 70
Mariella Alcocer 0562995626 4 5 97 78 85 70 55 93 85 87 77 90
Lorie Czerniak 0555965795 2 4 95 64 96 60 52 97 96 79 80 58
Shalonda Helin 0587034449 10 1 53 90 91 98 74 78 78 71 52 92
Melva Bolte 0574349150 2 6 91 66 74 53 67 78 53 82 72 68
Shea Tetzlaff 0550223380 11 9 84 90 62 96 68 64 76 89 89 96
Basil Raval 0532065048 4 5 85 77 57 97 67 98 62 75 87 52
Gabriel Compiseno 0565370413 11 6 53 85 83 76 98 59 99 51 51 98
Tandra Terron 0584116689 11 6 81 89 68 71 94 95 74 83 57 67
Chun Bebee 0558282855 11 6 86 97 55 83 92 92 63 91 63 82
Fonda Philbrook 0593266140 2 2 78 73 53 54 99 85 69 82 88 97
Belia Neyland 0591666878 11 5 53 63 99 69 79 64 59 88 73 98
Nidia Sartoris 0599453984 10 2 61 75 62 57 83 63 85 75 74 68
Twila Skolfield 0531685605 4 8 92 50 64 65 81 84 62 83 96 83
Melodee Lota 0558995849 5 5 73 67 72 59 71 76 62 77 77 70
Marlon Gordis 0584679237 9 8 68 77 72 78 50 61 89 87 85 70
Lisette Bancroft 0537030479 7 7 61 52 63 51 56 73 51 54 66 80
Kenia Burgees 0586430962 6 8 96 82 92 74 77 72 93 59 95 68
Oleta Kaluzny 0544881248 11 1 74 75 53 92 79 84 73 51 87 94
Meaghan Ciesco 0543801056 5 8 94 67 98 89 82 73 74 94 92 100
Vanesa Gressman 0598067141 9 5 95 84 70 80 97 66 63 91 96 54
Burton Gangemi 0572254389 4 5 68 70 92 68 98 51 56 57 53 92
Giuseppe Fortier 0596147119 9 6 72 82 98 71 50 91 69 69 66 93
Tracey Bobko 0560458202 7 1 79 67 54 62 53 89 64 100 79 80
Alysha Dziak 0555672723 12 6 50 55 57 52 68 74 79 82 88 67
Theresia Holch 0518903615 1 5 82 61 77 81 75 53 64 60 83 83
Lois Skorski 0518060129 3 8 90 80 98 86 83 74 70 50 100 84
Franklyn Jasionowski 0580467675 7 2 66 82 73 72 55 57 86 83 84 100
Tamar Folland 0566744743 2 7 65 77 75 69 85 93 88 95 93 53
Elias Lourens 0517450270 5 10 74 92 66 65 91 68 87 52 58 62
Stephanie Cutts 0544715426 12 8 68 71 66 61 54 81 74 79 77 53